213923663
213975089
213999002
214008678
214155729
214282092
214305080
214305181
214367436
214380786
214420050
214453734
214563417
214605906
214812067
214850169
214861171
214863294
214863841
214865373
214865997
214871783
214886197
214901257
214912675
214914392
214958348
214994687
215014575
215069008
215079576
215082506
215083206
215083436
215092943
215122447
215132894
215158184
215181155
215206685
215223320
215229168
215241782
215242655
215243422
215243739
215243900
215271379
215275306
215299947
215313709
215317297
215325819
215341679
215354399
215360446
215361265
215399862
215403639
215403894
215428666
215440211
215489416
215502519
215517633
215525373
215539546
215548890
215556209
215561515
215562431
215563089
215563343
215572489
215573480
215576439
215579708
215580724
215580811
215581461
215585902
215588414
215588989
215589738
215592237
215595120
215595386
215595812
215596469
215600948
215615376
215632713
215635015
215635595
215657412
215657873
215679853
215693252
215696614
215719481
215722305
215731890
215744743
215744857
215747835
215752375
215754118
215757553
215759453
215766167
215783968
215795951
215830664
215834797
215842090
215858584
215876405
215914227
215916567
215928383
215978659
215979837
215983286
215983716
216009592
216131776
216152968
216219420
216226331
216243962
216254155
216269282
216275002
216320564
216347996
216466136
216467215
216468943
216469343
216473129
216494048
216588899
216631132
216652426
216653931
216692859
216709124
216796790
216890380
216911590
216916013
216916189
216928283
216963835
216999112
217008081
217022612
217025418
217066254
217170440
217189384
217227370
217229864
217271726
217344581
217352158
217370813
217472370
217475101
217477143
217477250
217481254
217491234
217499483
217528493
217534913
217564006
217566503
217613566
217613764
217620865
217722991
217725728
217737694
217748399
217758249
217764328
217784664
217786167
217800831
217832143
217836506
217839045
217954229
217973782
217975700
217991704
217998181
218009340
218044194
218103605
218124516
218137120
218153587
218218915
218288388
218338628
218379177
218428079
218433745
218447554
218457836
218481591
218491091
218507392
218509535
218524062
218530448
218547807
218551161
218555091
218564076
218576263
218586186
218597610
218637098
218752209
218910134
218991025
218994950
218996777
219006485
219038179
219071050
219157319
219241773
219241807
219242292
219250963
219252834
219270035
219274571
219283727
219305309
219334055
219349064
219406985
219420935
219481245
219489645
219492198
219493511
219493512
219506144
219530806
219595523
219680847
219735669
219760006
219809230
219820788
219939079
219949983
219953618
219956736
219960541
219962904
220006871
220013999
220022639
220024987
220042974
220050665
220115632
220116091
220134448
220258504
220271224
220354811
220380651
220393524
220439477
220493049
220495739
220510851
220528718
220539328
220559753
220713073
220714897
220731464
220734283
220738466
220741875
220787139
220814927
220848436
220868713
220988221
220997407
221003306
221047392
221083101
221192402
221347751
221348966
221373482
221387800
221394613
221463178
221496643
221511583
221512738
221513215
221563222
221564548
221566398
221588607
221613077
221616630
221618141
221620167
221625006
221629127
221629398
221633795
221650520
221652031
221652131
221655071
221658176
221664758
221669464
221672391
221684766
221695529
221727310
221739600
221756441
221764995
221766599
221798638
221899341
221904659
221930374
221979425
221989342
221989707
222017004
222023441
222038603
222039947
222067753
222084149
222112581
222121025
222148411
222160561
222168201
222169428
222182076
222184283
222185274
222200406
222208811
222230377
222247343
222348095
222419297
222437219
222440379
222574131
222652587
222695990
222702150
222712776
222718223
222725114
222877588
222898353
222943601
223081293
223110478
223114031
223159386
223190845
223207879
223218829
223236947
223252164
223253693
223265597
223267687
223268062
223310698
223358903
223362926
223414430
223424597
223450590
223496382
223511677
223521422
223541664
223579380
223672464
223704226
223708661
223796455
223804127
223844667
223902378
224032826
224107716
224114776
224119807
224122694
224143636
224167083
224286242
224366682
224382737
224424542
224474403
224530335
224546510
224563942
224684330
224824856
224826128
224840608
224841553
224856972
224869266
224884903
224886269
224906398
225025451
225056196
225058818
225072817
225080104
225214154
225323717
225355598
225368777
225509917
225525011
225545023
225571501
225590628
225594977
225659070
225792994
225793436
225826694
225839871
225913409
226008137
226030413
226050958
226089836
226090997
226172414
226240286
226268721
226285149
226303603
226317074
226387251
226396968
226484907
226546046
226558638
226559831
226560074
226560229
226619889
226696973
226803248
226836553
226964167
226986430
227011861
227045942
227282601
227307058
227325702
227384187
227457718
227467838
227516198
227543280
227558556
227669545
227706293
227734126
227734293
227831203
227837473
227868804
227872241
227884559
227890431
227897434
227910715
227912359
227912788
227914287
227915186
227924209
227924432
227926180
227991305
228012572
228178222
228263394
228266616
228312316
228344620
228348371
228379971
228423694
228427178
228435515
228454397
228470900
228473955
228599789
228627442
228668341
228730107
228803405
228947335
228986082
228986129
229005391
229114383
229121676
229146294
229237584
229279988
229406223
229464431
229471458
229472281
229514204
229549637
229550106
229554847
229557603
229563326
229565303
229565594
229566566
229569127
229573184
229574550
229585505
229605619
229641544
229651069
229667118
229709492
229763813
229775308
229775898
229782745
229784512
229785679
229788808
229789090
229795593
229795891
229816917
229825640
229881780
229888559
229895199
229929983
230002848
230007705
230008548
230053235
230065160
230117156
230131181
230135076
230219794
230233400
230265580
230349102
230437764
230468373
230470656
230483332
230511294
230528696
230538556
230554957
230666747
230666866
230685294
230781258
230781269
230787863
230802067
230806104
230808407
230808755
230811051
230811080
230820011
230822134
230865373
230884493
230924863
230962000
230962514
230973209
230993839
231005364
231077663
231080597
231128730
231159899
231172496
231176340
231190020
231203209